%YAML:1.0
---
model_type: PINHOLE
camera_name: camera
image_width: 848
image_height: 800
distortion_parameters:
   k1: -0.0015544580528512597
   k2: 0.03598850965499878
   p1: -0.03366529941558838
   p2: 0.0053024617955088615
projection_parameters:
   fx: 284.54730224609375
   fy: 285.53131103515625
   cx: 420.948486328125
   cy: 393.4858093261719
