%YAML:1.0
---

model_type: PINHOLE
camera_name: camera
image_width: 848
image_height: 800
distortion_parameters:
   k1: -0.0015544580528512597
   k2: 0.03598850965499878
   k3: -0.03366529941558838
   k4: 0.0053024617955088615
projection_parameters:
   fx: 284.54730224609375
   fy: 285.53131103515625
   cx: 420.948486328125
   cy: 393.4858093261719

# model_type: KANNALA_BRANDT
# camera_name: camera
# image_width: 848
# image_height: 800
# # distortion_parameters:
# projection_parameters:
#    k1: -0.0015544580528512597
#    k2: 0.03598850965499878
#    k3: -0.03366529941558838
#    k4: 0.0053024617955088615
#    k5: 0.0
#    mu: 284.54730224609375
#    mv: 285.53131103515625
#    u0: 420.948486328125
#    v0: 393.4858093261719
