%YAML:1.0
---

# model_type: MEI
# camera_name: camera
# image_width: 848
# image_height: 800
# mirror_parameters:
#    xi: 0.936645158563
# distortion_parameters:
#    k1: -0.25840846666370487
#    k2: -0.032037705367465426
#    p1: 0.0013450591638324183
#    p2: -0.001327875610145071
# projection_parameters:
#    gamma1: 554.1322084444726
#    gamma2: 552.3681452208727
#    u0: 432.06392559389275
#    v0: 407.3437421932299

# model_type: PINHOLE
# camera_name: camera
# image_width: 848
# image_height: 800
# distortion_parameters:
#    # k1: -0.0018033110536634922
#    # k2: 0.03722317889332771
#    k1: 0
#    k2: 0
#    # p1: -0.03512553870677948
#    # p2: 0.0057324911467731
#    p1: 0
#    p2: 0
# projection_parameters:
#    fx: 284.7732849121094
#    fy: 285.76220703125
#    cx: 431.4237976074219
#    cy: 399.8611145019531

# model_type: PINHOLE_FULL
# camera_name: camera
# image_width: 848
# image_height: 800
# distortion_parameters:
#    k1: -0.0018033110536634922
#    k2: 0.03722317889332771
#    k3: -0.03512553870677948
#    k4: 0.0057324911467731
#    k5: 0.0
#    k6: 0.0
#    p1: 0.0
#    p2: 0.0
# projection_parameters:
#    fx: 284.7732849121094
#    fy: 285.76220703125
#    cx: 431.4237976074219
#    cy: 399.8611145019531

model_type: KANNALA_BRANDT
camera_name: camera
image_width: 848
image_height: 800
projection_parameters:
   k2: -0.012241361198737845
   k3: 0.055520847735630485
   k4: -0.051649008567668075
   k5: 0.010575476403826634
   mu: 287.57932284173796
   mv: 287.7363910902285
   u0: 432.5547634538379
   v0: 399.4949121719665
