%YAML:1.0
---
model_type: KANNALA_BRANDT
camera_name: cam0
image_width: 720
image_height: 540
projection_parameters:
   k2: -0.0436716079
   k3: 0.0054433184
   k4: -0.005698747
   k5: 0.0012933061
   mu: 350.4753654456
   mv: 350.3589687465
   u0: 375.609030533
   v0: 279.1048548603
