%YAML:1.0
---
model_type: KANNALA_BRANDT
camera_name: cam1
image_width: 720
image_height: 540
projection_parameters:
   k2: -0.04245936
   k3: 0.00656172
   k4: -0.0076956554
   k5: 0.0020906248
   mu: 350.9913606911
   mv: 350.7739911093
   u0: 341.6814684415
   v0: 264.0445336872
