%YAML:1.0
---
model_type: KANNALA_BRANDT
camera_name: cam0
image_width: 720
image_height: 540
projection_parameters:
   k2: -0.045072886110196005
   k3: 0.00884332871711061
   k4: -0.008319177086281462
   k5: 0.0019554229807153393
   mu: 350.8224231071879
   mv: 351.07861180746806
   u0: 375.2135028581283
   v0: 278.6170911909877
