%YAML:1.0
---
model_type: KANNALA_BRANDT
camera_name: cam1
image_width: 720
image_height: 540
projection_parameters:
   k2: -0.04148761483789589
   k3: 0.005158632613278912
   k4: -0.006153846964970644
   k5: 0.0014602812281084535
   mu: 351.24395684809423
   mv: 351.3972791431625
   u0: 341.8170010118659
   v0: 263.2640017708829
