%YAML:1.0
---
model_type: KANNALA_BRANDT
camera_name: cam0
image_width: 720
image_height: 540
projection_parameters:
   k2: -0.038616930266761
   k3: -0.001017864366762166
   k4: -0.0010505629480572155
   k5: 5.958057565690519e-05
   mu: 350.4831235139715
   mv: 350.10097224389284
   u0: 345.2741039224713
   v0: 248.60977726525488
