%YAML:1.0
---
model_type: KANNALA_BRANDT
camera_name: cam1
image_width: 720
image_height: 540
projection_parameters:
   k2: -0.041077936150781265
   k3: 0.0020649270282060614
   k4: -0.0025547692930631576
   k5: 0.0003120478962775664
   mu: 345.3947111047077
   mv: 345.21134481486314
   u0: 351.54050537989343
   v0: 247.96039164036995
