%YAML:1.0

#common parameters
#support: 1 imu 1 cam; 1 imu 2 cam: 2 cam;
imu: 1
num_of_cam: 2

imu_topic: "/alphasense_driver_ros/imu"
image0_topic: "/alphasense_driver_ros/cam0"
image1_topic: "/alphasense_driver_ros/cam1"
output_path: "~/output"

cam0_calib: "cam0.yaml"
cam1_calib: "cam1.yaml"
image_width: 720
image_height: 540


# Extrinsic parameter between IMU and Camera.
estimate_extrinsic: 1   # 0  Have an accurate extrinsic parameters. We will trust the following imu^R_cam, imu^T_cam, don't change it.
                        # 1  Have an initial guess about extrinsic parameters. We will optimize around your initial guess.

body_T_cam0: !!opencv-matrix
   rows: 4
   cols: 4
   dt: d
   data: [-0.010397652184133965, -0.9999427667673749, 0.0025203211434272066, 0.04692062270756783,
          0.0022704541464207972, -0.0025440594885077217, -0.9999941863827453, -0.00959377320494446,
          0.9999433653297709, -0.010391869462573256, 0.0022967764466877427, -0.049507973180438564,
          0.0, 0.0, 0.0, 1.0]

body_T_cam1: !!opencv-matrix
   rows: 4
   cols: 4
   dt: d
   data: [0.0006867115752680064, 0.9999958843955437, 0.0027856093026925044, 0.06335998649515023,
          0.012318066740250488, -0.0027938575426343926, 0.9999202266140107, 0.010907038213928364,
          0.999923893933431, -0.0006523434726576349, -0.012319934618274325, -0.04901782954398574,
          0.0, 0.0, 0.0, 1.0]


#Multiple thread support
multiple_thread: 1

#feature traker paprameters
max_cnt: 150            # max feature number in feature tracking
min_dist: 30            # min distance between two features
freq: 10                # frequence (Hz) of publish tracking result. At least 10Hz for good estimation. If set 0, the frequence will be same as raw image
F_threshold: 1.0        # ransac threshold (pixel)
show_track: 1           # publish tracking image as topic
flow_back: 1            # perform forward and backward optical flow to improve feature tracking accuracy

#optimization parameters
max_solver_time: 0.04  # max solver itration time (ms), to guarantee real time
max_num_iterations: 8   # max solver itrations, to guarantee real time
keyframe_parallax: 10.0 # keyframe selection threshold (pixel)

#imu parameters       The more accurate parameters you provide, the better performance
acc_n: 0.19      # accelerometer measurement noise standard deviation. #0.2   0.04
gyr_n: 0.19      # gyroscope measurement noise standard deviation.     #0.05  0.004
acc_w: 0.043      # accelerometer bias random work noise standard deviation.  #0.002
gyr_w: 0.00266      # gyroscope bias random work noise standard deviation.     #4.0e-5
g_norm: 9.81          # gravity magnitude

#unsynchronization parameters
estimate_td: 1                      # online estimate time offset between camera and imu
td: 0.0018                             # initial value of time offset. unit: s. readed image clock + td = real image clock (IMU clock)

#loop closure parameters
load_previous_pose_graph: 0        # load and reuse previous pose graph; load from 'pose_graph_save_path'
pose_graph_save_path: "/home/dji/output/pose_graph/" # save and load path
save_image: 0                   # save image in pose graph for visualization prupose; you can close this function by setting 0
